7	117480087	rs1800501	G	C	.	PASS	.	GT	0|0	0|1	0|1	0|0	0|0	0|0	0|0	0|0	0|0	0|0	0|0	0|0	0|0	0|0	0|0	0|0	0|0	0|0	0|0	0|0	0|0	0|0	0|0	0|0	0|0	0|0	0|0	0|0	0|0	0|0	0|0	0|0	0|0	0|0	0|0	0|0	0|0	0|0	0|0	0|0	0|0	0|0	0|0	0|0	0|0	1|0	0|0	0|0	0|0	0|0	0|0	0|0	0|0	0|0
7	117504290	rs1800073	C	T	.	PASS	.	GT	0|0	0|0	0|0	0|0	0|0	0|0	0|0	0|0	0|0	0|0	0|0	0|0	0|0	0|0	0|0	0|0	0|0	0|0	0|0	0|0	0|0	0|0	0|0	0|0	0|0	0|0	0|0	0|0	0|0	0|0	0|1	0|0	0|0	0|0	0|0	0|0	0|0	0|0	0|0	0|0	0|0	0|0	0|0	0|0	0|0	0|0	0|0	0|0	0|0	0|0	0|0	0|0	0|0	0|0
7	117509093	rs1800076	G	A	.	PASS	.	GT	1|0	0|0	0|0	0|0	0|0	0|0	0|1	0|0	0|0	0|0	0|0	0|0	0|0	0|0	0|0	0|0	0|0	1|0	0|0	0|0	0|0	0|0	0|0	0|0	0|0	0|0	0|0	0|0	0|0	0|0	0|0	0|0	0|0	0|0	0|0	0|0	0|0	1|0	0|0	0|0	0|0	0|0	0|0	0|0	0|0	0|0	0|0	0|0	1|0	0|0	0|0	0|0	0|0	0|0
7	117535451	rs1800502	A	G	.	PASS	.	GT	0|0	0|0	0|0	0|0	0|0	0|0	0|0	0|0	0|0	0|0	1|0	0|0	0|0	1|0	0|0	0|0	0|0	0|0	0|0	0|0	0|0	0|0	0|0	0|0	0|0	0|0	0|0	1|0	0|0	0|0	0|0	1|0	0|0	0|0	0|0	0|0	0|0	0|1	0|0	0|0	0|0	0|0	0|0	0|0	0|0	0|0	0|0	0|0	0|0	0|0	0|0	0|0	0|0	0|0
7	117536684	rs1800503	C	T	.	PASS	.	GT	0|0	0|0	1|0	0|0	1|1	0|0	0|1	0|1	0|0	0|0	0|0	0|0	0|0	0|0	0|0	0|0	0|0	1|0	1|0	0|1	0|0	0|1	1|0	0|0	0|0	0|0	0|0	0|0	0|0	0|0	0|0	0|0	0|0	0|0	0|0	0|0	0|0	0|0	0|0	0|0	1|0	0|0	0|0	1|0	0|0	0|0	0|0	0|0	0|0	0|0	0|0	0|0	0|0	0|0
7	117540188	rs144476686	T	G	.	PASS	.	GT	0|0	0|0	0|0	0|0	0|0	0|0	0|0	0|1	0|0	0|0	0|0	0|0	0|0	0|0	0|0	0|0	0|0	0|0	0|0	0|0	0|0	0|0	0|0	0|0	0|0	0|0	0|0	0|0	0|0	0|0	0|0	0|0	0|0	0|0	0|0	0|0	0|0	0|0	0|0	0|0	0|0	0|0	0|0	0|0	0|0	0|0	0|0	0|0	0|0	0|0	0|0	0|0	0|0	0|0
7	117548606	rs528823432;rs528823432;rs4646205	ATG	ATGTG,ATGTGTG,A	.	PASS	.	GT	3|3	3|3	0|3	3|3	3|3	3|3	3|3	3|3	3|3	3|3	3|3	3|3	3|3	3|3	3|3	3|3	3|3	3|3	3|3	3|3	0|3	3|3	3|3	3|3	0|3	3|3	3|3	3|0	3|3	3|3	3|3	3|3	3|3	3|3	3|3	3|0	3|3	3|3	3|3	3|3	3|3	3|0	3|0	3|3	3|3	3|3	3|3	3|3	3|3	3|3	3|3	3|3	3|3	3|3
7	117548630	rs73715573;rs551227135	T	G,TG	.	PASS	.	GT	0|0	0|0	0|0	0|0	0|0	0|0	0|0	0|0	0|0	0|0	0|1	0|0	0|0	0|0	0|0	0|0	0|0	0|0	0|0	0|0	0|0	0|0	0|0	1|0	0|0	0|0	0|0	0|0	0|0	0|0	0|0	0|0	0|0	0|0	0|0	0|0	0|0	0|0	0|0	0|0	0|0	0|0	0|0	0|0	0|0	0|0	0|0	0|0	0|0	0|0	0|0	0|0	0|0	0|0
7	117559479	rs213950	G	A	.	PASS	.	GT	0|0	0|0	1|1	0|1	1|1	0|0	1|0	0|1	0|0	0|0	1|0	0|1	1|0	1|0	0|0	0|1	0|0	0|1	0|1	1|0	0|1	1|1	0|1	0|0	0|1	0|1	0|1	1|1	0|0	1|1	0|1	1|0	0|0	0|0	0|0	1|0	0|0	0|1	0|1	0|0	0|1	1|0	1|0	0|1	1|0	0|0	1|1	0|0	0|1	0|0	0|0	0|0	0|0	0|0
7	117559590	rs199826652	ATCT	A	.	PASS	.	GT	0|0	0|0	1|0	0|0	0|1	0|0	0|0	0|0	0|0	0|0	0|0	0|0	0|0	0|0	0|0	0|0	0|0	0|0	0|0	0|0	0|0	0|0	0|0	0|0	0|0	0|0	0|0	0|0	0|0	0|0	0|0	0|0	0|0	0|0	0|0	0|0	0|0	0|0	0|0	0|0	0|0	0|0	0|0	0|0	0|0	0|0	0|0	0|0	0|0	0|0	0|0	0|0	0|0	0|0
7	117559655	rs1800095	G	A	.	PASS	.	GT	0|0	0|0	0|0	0|1	0|0	0|0	0|0	0|0	0|0	0|0	0|0	0|1	0|0	0|0	0|0	0|0	0|0	0|0	0|0	0|0	0|0	0|0	0|0	0|0	0|0	0|0	0|1	0|0	0|0	0|0	0|0	0|0	0|0	0|0	0|0	0|0	0|0	0|0	0|0	0|0	0|0	0|0	0|0	0|0	0|0	0|0	0|0	0|0	0|0	0|0	0|0	0|0	0|0	0|0
7	117589482	rs572658447	A	G	.	PASS	.	GT	0|0	0|0	0|0	0|0	0|0	0|0	0|0	0|0	0|0	0|0	0|0	0|0	0|0	0|0	0|0	0|0	0|0	0|0	0|0	0|0	0|0	0|0	0|0	0|0	0|0	0|0	0|0	0|0	0|0	0|0	0|0	0|0	0|0	0|0	0|0	0|0	0|0	0|0	0|0	0|0	0|0	0|0	0|0	0|0	1|0	0|0	0|0	0|0	0|0	0|0	0|0	0|0	0|0	0|0
7	117590229	rs17140229	T	C	.	PASS	.	GT	0|0	0|0	0|0	0|0	0|0	0|0	0|0	0|0	0|0	0|0	0|0	0|0	0|0	0|0	0|0	0|0	0|0	0|0	0|0	0|0	0|0	0|0	0|0	0|0	0|0	0|0	0|0	0|0	0|0	1|1	0|0	0|0	0|0	0|0	0|0	0|0	0|0	0|0	0|0	0|0	0|0	0|0	0|0	0|0	0|0	0|0	0|0	0|0	0|0	0|0	0|0	0|0	0|0	0|0
7	117591798	rs11978434	T	C	.	PASS	.	GT	0|0	0|0	0|0	0|1	0|0	0|0	0|0	0|0	0|0	0|0	0|0	0|0	0|0	0|0	0|0	0|0	0|0	0|0	0|0	0|0	0|0	0|0	0|0	0|0	0|0	0|0	0|0	0|0	0|0	0|0	0|1	0|0	0|0	0|0	0|0	0|0	0|0	0|1	0|1	0|0	0|0	0|0	0|0	0|0	1|0	0|0	0|0	0|0	0|0	0|0	0|0	0|0	0|0	0|0
7	117592427	rs150157202	G	A	.	PASS	.	GT	0|0	0|0	0|0	0|0	0|0	0|0	0|0	0|0	0|0	0|0	0|0	0|0	0|0	0|0	0|0	0|0	0|0	0|0	0|0	0|0	0|0	0|0	0|0	0|0	0|0	0|0	0|0	0|0	0|0	0|0	0|0	0|0	0|0	0|0	0|0	0|0	0|0	0|0	0|0	0|0	0|0	0|0	0|0	0|1	0|0	0|0	0|0	0|0	0|0	0|0	0|0	0|0	0|0	0|0
7	117595001	rs1042077	T	G	.	PASS	.	GT	0|0	0|0	0|1	0|1	0|0	0|0	0|0	0|0	0|0	0|0	1|0	0|1	1|0	1|0	0|0	0|1	0|0	0|0	0|0	0|0	0|1	1|0	0|0	0|0	0|1	0|1	0|1	1|1	0|0	1|1	0|1	1|0	0|0	0|0	0|0	1|0	0|0	0|1	0|1	0|0	0|0	1|0	1|0	0|0	1|0	0|0	1|1	0|0	0|1	0|0	0|0	0|0	0|1	0|0
7	117595142	rs4148712	CAT	C	.	PASS	.	GT	0|0	0|0	0|1	0|1	0|0	0|0	0|0	0|0	0|0	0|0	1|0	0|1	1|0	1|0	0|0	0|1	0|0	0|0	0|0	0|0	0|1	1|0	0|0	0|0	0|1	0|1	0|1	1|1	0|0	1|1	0|1	1|0	0|0	0|0	0|0	1|0	0|0	0|1	0|1	0|0	0|0	1|0	1|0	0|0	1|0	0|0	0|0	0|0	0|0	0|0	0|0	0|0	0|0	0|0
7	117595164	rs4148713	T	A	.	PASS	.	GT	0|0	0|0	0|1	0|0	0|0	0|0	0|0	0|0	0|0	0|0	0|0	0|0	0|0	0|0	0|0	0|0	0|0	0|0	0|0	0|0	0|1	0|0	0|0	0|0	0|1	0|0	0|0	0|1	0|0	0|0	0|0	0|0	0|0	0|0	0|0	1|0	0|0	0|0	0|0	0|0	0|0	1|0	1|0	0|0	0|0	0|0	0|0	0|0	0|0	0|0	0|0	0|0	0|0	0|0
7	117603609	rs121909034	C	T	.	PASS	.	GT	0|0	0|0	0|0	0|0	0|0	0|0	0|0	0|0	0|0	0|0	0|0	0|0	0|0	0|0	0|0	0|0	0|0	0|0	0|0	0|0	0|0	0|0	0|0	0|1	0|0	0|0	0|0	0|0	0|0	0|0	0|0	0|0	0|0	0|0	0|0	0|0	0|0	0|0	0|0	0|0	0|0	0|0	0|0	0|0	0|0	0|0	0|0	0|0	0|0	0|0	0|0	0|0	0|0	0|0
7	117606582	rs35050470	G	A	.	PASS	.	GT	0|0	0|0	0|0	0|1	0|0	0|0	0|0	0|0	0|0	0|0	1|0	0|1	1|0	1|0	0|0	0|1	0|0	0|1	0|0	0|0	0|0	1|0	0|1	0|0	0|0	0|1	0|1	1|0	0|0	0|0	0|0	1|0	0|0	0|0	0|0	0|0	0|0	0|1	0|1	0|0	0|0	0|0	0|0	0|1	1|0	0|0	0|0	0|0	0|1	0|0	0|0	0|0	0|0	0|0
7	117610521	rs1800111	G	C	.	PASS	.	GT	0|0	0|0	0|0	0|0	0|0	0|0	0|0	0|0	0|0	0|0	0|0	0|0	0|0	0|0	0|0	0|0	1|0	0|0	0|0	0|0	0|0	0|0	0|0	0|0	0|0	0|0	0|0	0|0	0|0	0|0	0|0	0|0	0|0	0|0	0|0	0|0	0|0	0|0	0|0	0|0	0|0	0|0	0|0	0|0	0|0	0|0	0|0	0|0	0|0	0|0	0|0	0|0	0|0	0|0
7	117611489	rs4148717	T	C	.	PASS	.	GT	0|0	0|0	0|0	0|0	0|0	0|0	0|0	0|0	0|0	0|0	0|0	0|0	0|0	0|0	0|0	0|0	0|0	0|0	0|1	0|0	0|0	0|0	0|0	0|0	0|0	0|0	0|0	0|0	0|0	0|1	0|0	0|0	0|0	0|0	0|0	0|0	0|0	0|0	0|0	0|0	0|0	0|0	0|0	0|0	0|0	0|0	0|0	0|0	0|0	0|0	0|0	0|0	0|0	0|0
7	117611646	rs200321110	G	A	.	PASS	.	GT	0|0	0|0	0|0	0|0	0|0	0|0	0|0	0|0	0|0	0|0	0|0	0|0	1|0	0|0	0|0	0|0	0|0	0|0	0|0	0|0	0|0	0|0	0|0	0|0	0|0	0|0	0|0	0|0	0|0	0|0	0|0	0|0	0|0	0|0	0|0	0|0	0|0	0|0	0|0	0|0	0|0	0|0	0|0	0|0	0|0	0|0	0|0	0|0	0|0	0|0	0|0	0|0	0|0	0|0
7	117627758	rs34911792	T	G	.	PASS	.	GT	0|0	0|0	0|0	0|0	0|0	0|0	0|0	0|0	0|0	0|0	0|0	0|0	0|0	0|0	0|0	0|0	0|0	0|0	0|0	0|0	0|0	0|0	0|0	0|0	0|1	0|0	0|0	0|0	0|0	0|0	0|0	0|0	0|0	0|0	0|0	0|0	0|0	0|0	0|0	0|0	0|0	0|0	0|0	0|0	0|0	0|0	0|0	0|0	0|0	0|0	0|0	0|0	0|0	0|0
7	117627815	rs145743767	G	A	.	PASS	.	GT	0|0	0|0	0|0	0|0	0|0	0|0	0|0	0|0	0|0	0|0	0|0	0|0	0|0	0|0	0|0	0|0	0|0	0|0	0|0	0|0	0|0	0|0	0|0	0|0	0|0	0|0	0|0	0|0	0|0	0|0	0|0	0|0	0|0	0|0	0|0	0|0	0|0	0|0	0|0	0|0	0|0	0|0	0|0	0|0	0|0	0|0	1|0	0|0	0|0	0|0	0|0	0|0	0|0	0|0
7	117639815	rs77685067	A	C	.	PASS	.	GT	0|0	0|0	0|0	0|0	0|0	0|0	0|0	0|0	0|0	0|0	0|0	0|0	0|0	0|0	0|0	0|0	0|0	0|0	0|0	0|0	0|0	0|0	0|0	0|0	0|0	0|0	0|0	0|0	0|0	0|0	0|0	0|0	0|0	0|0	0|0	1|0	0|0	0|0	0|0	0|0	0|0	0|0	0|0	0|0	0|0	0|0	0|0	0|0	0|0	0|0	0|0	0|0	0|0	0|0
7	117642590	rs1800130	A	G	.	PASS	.	GT	0|0	0|0	0|0	0|0	0|0	0|0	0|0	0|0	0|0	0|0	0|0	0|0	0|0	0|0	0|0	0|0	0|0	0|0	0|1	0|0	0|0	0|0	0|0	0|0	0|0	0|0	0|0	0|0	0|0	0|0	0|0	0|0	0|0	0|0	0|0	0|0	0|0	0|0	0|0	0|0	0|0	0|0	0|0	0|0	0|0	0|0	0|0	0|0	0|0	0|0	0|0	0|0	0|0	0|0
7	117642710	rs10155917	T	G	.	PASS	.	GT	0|0	0|0	0|0	0|0	0|0	0|0	0|0	0|0	0|0	0|0	0|0	0|0	0|0	0|0	0|0	0|0	0|0	0|0	0|1	0|0	0|0	0|0	0|0	0|0	0|0	0|0	0|0	0|0	0|0	0|0	0|0	0|0	0|0	0|0	0|0	0|0	0|0	0|0	0|0	0|0	0|0	0|0	0|0	0|0	0|0	0|0	0|0	0|0	0|0	0|0	0|0	0|0	0|0	0|0
7	117664780	rs113857788	G	C	.	PASS	.	GT	0|0	0|0	0|0	0|0	0|0	0|0	0|0	0|0	0|0	0|0	0|0	0|0	0|0	0|0	0|0	0|0	0|0	0|0	0|0	0|0	1|0	0|0	0|0	0|0	0|0	0|0	0|0	0|0	0|0	0|0	0|0	0|0	0|0	0|0	0|0	0|0	0|0	0|0	0|0	0|0	0|0	0|0	0|0	0|0	0|0	0|0	0|0	0|0	0|0	0|0	0|0	0|0	0|0	0|0
7	117667054	rs1800136	G	A	.	PASS	.	GT	0|0	0|0	0|0	0|1	0|0	0|0	0|0	0|0	0|0	0|0	1|0	0|1	1|0	1|0	0|0	0|1	0|0	0|1	0|1	0|0	0|0	1|0	0|1	0|0	0|0	0|1	0|1	1|0	0|0	0|0	0|0	1|0	0|0	0|0	0|0	0|0	0|0	0|1	0|1	0|0	0|0	0|0	0|0	0|1	1|0	0|0	0|0	0|0	0|0	0|0	0|0	0|0	0|0	0|0
7	117667232	rs67380110	GT	G	.	PASS	.	GT	0|0	0|0	0|0	0|0	0|0	0|0	0|0	0|0	0|0	0|0	0|0	0|0	0|0	0|0	0|0	0|0	0|0	0|0	0|0	0|0	0|0	0|0	0|0	0|0	0|0	0|0	0|0	0|0	0|0	0|0	0|0	0|0	0|0	0|0	0|0	0|0	0|0	0|0	0|0	0|0	0|0	0|0	0|0	0|0	0|0	0|0	1|1	0|0	0|0	0|0	0|0	0|0	0|1	0|0
